日期	金风科技	吉祥航空	保利地产
20180103	-0.010895049	0.048697576	-0.012388321
20180104	-0.005230137	-0.013047715	0.004835933
20180105	-0.018523949	0.011194147	0.052360953
20180108	-0.00160385	-0.029496961	0.021353124
20180109	0.007462721	0.004448689	0.005108568
20180110	-0.018762276	-0.033529898	0.010139504
20180111	-0.016917184	0.002619517	-0.005056901
20180112	0.004393198	0.010409983	-0.005082603
20180115	-0.04310771	-0.016313575	0.055741983
20180116	0.015328146	-0.012578782	0.063031362
20180117	-0.014756227	-0.003336673	0.01404123
20180118	0.050721376	-0.008053735	-0.020282385
20180119	-0.009282076	0.011390408	-0.016064603
20180122	0.022241221	0.032123378	0.013785399
20180123	-0.012959145	-0.004526358	0.012471817
20180124	-0.023646964	0.011598068	0.005057611
20180125	0.04355615	0.027173868	-0.042364664
20180126	-0.019909186	-0.000623636	0.005249356
20180129	0.013495481	-0.003124026	-0.012291639
20180130	-0.019491684	-0.010062978	-0.027464413
20180131	-0.008786438	0.003785493	0.042080282
20180201	-0.066120946	-0.001890955	0.020109842
20180202	0.004703124	0.001890955	0.046675139
20180205	-0.044985096	0.021800926	0.014551591
20180206	-0.018576386	-0.011152532	-0.035951584
20180207	-0.021479032	-0.017599449	-0.098420948
20180208	0.015209419	-0.014692056	-0.041868033
20180209	-0.064957896	-0.099372474	-0.099210565
20180212	0.047190931	0.045841359	0.021611158
20180213	0.017766965	0.026793297	0.041208127
20180214	0.001257071	-0.014647399	0.005938652
20180222	0.031532752	0.057977811	0.015018239
20180223	-0.019668735	-0.006349228	0.013518069
20180226	0.038360868	0.026400025	-0.035799462
20180227	0.018349139	-0.014370757	-0.039194206
20180228	0.035718083	-0.010120263	0.008236148
20180301	0.00451723	-0.012152372	0.004773279
20180302	-0.019340762	0.037263547	0.006779687
20180305	-0.00923261	0.00433035	0.004045859
20180306	0.014388737	-0.011173301	0.045387599
20180307	-0.036663984	-0.011299555	-0.009043989
20180308	0.023433996	-0.008877674	0.008400696
20180309	0.021764891	0.005716116	-0.018837842
20180312	0.029586305	0.01695488	-0.045614883
20180313	-0.008839837	-0.026499973	-0.002749143
20180314	0.019236647	0	0.002749143
20180315	0.029500664	0.006373508	0.001371742
20180316	-0.002116403	-0.00957556	0.001369863
20180319	-0.001059884	-0.037247037	-0.037661355
20180320	-0.009589844	-0.001332445	-0.010000083
20180321	0.029018127	-0.016129382	0.005726573
20180322	-0.007830894	0.00809721	-0.02823206
20180323	0	-0.041858598	-0.023023668
20180326	-0.065517337	0.000700525	-0.020494076
20180327	0.018847565	0.028307033	0.004590674
20180328	0.002741981	-0.017164857	-0.001527884
20180329	-0.027201233	0.021918686	0.050681486
20180330	0.019504658	0.006079046	-0.021300842
20180402	-0.070886811	-0.016978337	0.012541662
20180403	0.004138345	-0.011712156	-0.00809721
20180404	0.002357102	-0.009749381	0.011756197
20180409	0.018081566	-0.007022501	-0.016943315
20180410	0.008633147	0.059504731	0.059837668
20180411	0.015918471	-0.012696462	0.01734348
20180412	-0.037349932	-0.008102678	-0.010369951
20180413	-0.043068857	-0.000678196	-0.026048639
20180416	-0.017263067	0.017485314	-0.057242331
20180417	0.00558141	-0.024975986	-0.006820792
20180418	-0.009944147	0.004092775	0.023300566
20180419	0.055873669	-0.004776536	-0.001486989
20180420	-0.019684501	-0.026335548	-0.002980628
20180423	-0.018851273	0.003505086	0.010393561
20180424	0.027846836	0.044482188	0.039817058
20180425	0.002385213	0.003341132	-0.017180093
20180426	0.001785183	0.000666889	-0.018951004
20180427	0.024663611	0.019802627	-0.03443454
20180502	0.018391323	0.006514681	0.003041827
20180503	0.019735628	0.016742181	-0.009919959
20180504	0.002230899	0.01458029	-0.000767165
20180507	0.002781643	0.006273546	0.036175761
20180508	-0.008928631	-0.003759403	0.021962815
20180509	-0.003931485	-0.011363759	0.005776189
20180510	-0.002817697	0.007590169	0.000719683
20180511	-0.002259888	-0.044451763	-0.014493007
20180514	0.010129518	0.069344149	0.001458789
20180515	0.018858019	-0.021118797	0.017341475
20180516	0.003291281	-0.004403908	-0.022456576
20180517	-0.033977092	-0.017170533	-0.003669729
20180518	-0.015991203	0.008304104	0.020379162
20180521	0.008598505	0.028842125	-0.009410131
20180522	-0.018433702	0.001235331	-0.040821995
20180523	-0.00291121	-0.004950505	-0.026095111
20180524	-0.022406598	0.001859313	-0.012519725
20180525	-0.037052523	-0.011208087	0.003144657
20180528	0.031071644	0.01983946	-0.011049836
20180529	-0.016939304	0.000613685	-0.013583908
20180530	-0.022209426	-0.038779093	-0.031878466
20180531	0.006838696	0.00508907	0.024611579
20180601	-0.035954677	0.057334653	0.02005683
20180604	-0.105574625	0.017815198	0.053356296
20180605	0.068278841	0.029575945	0.008249016
20180606	0.012587116	0.002853069	-0.008249016
20180607	0.020847661	0.005681833	0.038409448
20180608	-0.014285957	-0.016567074	-0.055114468
20180611	0.001960144	0.014865911	0.041250693
20180612	-0.022443186	0.027429651	0.001468429
20180613	-0.019548988	-0.011663559	0.004392394
20180614	-0.006830628	-0.020316726	-0.002926118
20180615	0.011584457	0.00795007	0.024603267
20180619	-0.05286349	-0.030435884	-0.036394118
20180620	-0.000714541	-0.03078988	0.047765954
20180621	0.001428572	-0.025579957	0.002117897
20180622	0.028844772	0.033366759	-0.00778765
20180625	-0.036008126	-0.052047253	-0.072960525
20180626	-0.053907477	-0.00567288	-0.046956983
20180627	-0.033953879	-0.04923274	-0.045909701
20180628	-0.005509656	-0.003992021	-0.016067999
20180629	-0.002370606	0.026966448	0.039286289
20180702	-0.011938065	-0.019659873	-0.102632001
20180703	0.026857854	-0.037078734	0.012635547
20180704	-0.051990916	0.056738607	-0.029119437
20180705	-0.092850154	-0.025634003	-0.011142177
20180706	0.056908132	0.02108115	-0.012212458
20180709	0.095696952	0.041499731	0.052474071
20180710	0.003859518	0.006234434	0.01247788
20180711	-0.025752496	0.013580456	-0.025113427
20180712	0.019570096	0.004282662	0.018002286
20180713	-0.019570096	-0.011667311	-0.003574624
20180716	0.015686596	-0.038405727	-0.024468824
20180717	-0.00389864	0.007672672	0.002748513
20180718	0.036813973	-0.04161849	-0.033491502
20180719	0.039857674	-0.018090946	0.008478619
20180720	0.006491188	0.024709103	0.029577017
20180723	-0.005045056	0.028610534	0.054067221
20180724	0.041746423	0.011472401	0.032260862
20180725	0.001385042	-0.032198532	0.00583092
20180726	-0.042409182	-0.010526413	-0.017595762
20180727	0.016470118	-0.012645759	-0.000845666
20180730	-0.004270469	-0.068610206	0.011774737
20180731	-0.005722476	0.019183537	0.014113974
20180801	-0.03207272	-0.019183537	-0.068227648
20180802	-0.027789997	-0.042497237	-0.042367761
20180803	-0.024673572	-0.019652938	-0.016713481
20180806	-0.03495193	-0.036537294	-0.016045649
20180807	0.064942643	0.009456335	0.046476766
20180808	-0.025317808	-0.019002947	-0.027626066
20180809	0.029852963	0.040726067	0.07377445
20180810	-0.008330226	0.003829955	0.014636508
20180813	-0.016871566	-0.000764818	-0.019853911
20180814	-0.003098376	-0.039802367	-0.036399935
20180815	-0.048479894	-0.011209085	-0.016408755
20180816	-0.021399994	0.005620248	0.011877709
20180817	-0.022718689	-0.034205289	-0.005464494
20180820	0.050612211	-0.000828844	0.027028672
20180821	0.032633218	0.0719735	0.016747857
20180822	-0.006284388	-0.016336419	-0.008779688
20180823	0.01641303	-0.007874056	-0.003533573
20180824	0	0.015686596	0.001768347
20180827	0.000774893	0.030653741	0.058335577
20180828	-0.002326484	0.029741969	-0.001668057
20180829	-0.025955055	-0.021474354	0.010792965
20180830	-0.008000043	-0.019652938	-0.020017349
20180831	-0.022746716	-0.038915416	0.033957714
20180903	0.00655203	-0.006369448	-0.008998016
20180904	0.020202707	0.006369448	0.015491545
20180905	-0.031697087	0.001586043	-0.042981823
20180906	-0.015813896	-0.045388666	-0.035242152
20180907	0.000838574	0.07351552	0.007843177
20180910	-0.022892055	-0.063614449	0.024014876
20180911	0.00938974	-0.012391732	-0.012793351
20180912	-0.022337699	0.002490661	0.001715266
20180913	0.000868433	0.006611594	0.016149947
20180914	-0.006968669	0.015529532	0.013400536
20180917	-0.025676488	-0.002436055	-0.00416841
20180918	0.047294278	0.013726497	0.014102266
20180919	0.009365756	0.016700189	0.0458833
20180920	-0.020548668	0.0078555	-0.011871924
20180921	0.012037979	0.058505098	0.045904598
20180925	-0.028610534	-0.03301125	-0.061956307
20180926	0.053928342	0.010622255	0.003231021
20180927	-0.005850414	-0.016743161	-0.011354542
20180928	0.0066834	0.017497594	-0.007368024
20181008	-0.068933399	-0.032965806	-0.069756163
20181009	-0.018910964	-0.017296029	-0.011519844
20181010	-0.104350924	-0.012769527	0.011519844
20181011	-0.081978654	-0.053621091	-0.033142308
20181012	0.041829154	0.019303999	0.034902872
20181015	-0.028771297	-0.017610518	-0.02854788
20181016	-0.001081666	-0.071897739	-0.032186686
20181017	-0.005425949	-0.007299302	0.0166825
20181018	-0.015351179	0.000915332	-0.020427823
20181019	0.025096789	0.052573353	0.046733194
20181022	0.068705474	0.076832432	0.043789833
20181023	-0.029609105	-0.00483482	-0.030450374
20181024	-0.014614039	0.012043502	0.01664515
20181025	-0.012698583	-0.002397125	0.054112947
20181026	0.011646505	0	0.020367303
20181029	-0.093732478	-0.030871664	-0.02614528
20181030	-0.003474236	0.009034969	0.018860748
20181031	0.019529627	0.018631564	0.023284874
20181101	0.014681235	0.011173301	0.018868484
20181102	0.077625162	0.093866136	-0.011751017
20181105	0.057446524	-0.024132798	-0.032842359
20181106	-0.00490919	0.016153068	0.017756722
20181107	0.002948405	-0.000728597	-0.008838949
20181108	-0.02887209	-0.005115101	-0.000807428
20181109	-0.001010612	-0.015504187	-0.016287005
20181112	0.095402096	0.030049898	0.013860801
20181113	0.044052066	0.054788982	0.009669697
20181114	-0.010610179	0.016271545	0.01116439
20181115	0.001776199	-0.011498267	0.01260852
20181116	-0.011602094	-0.036014973	0.017850687
20181119	0.000897263	-0.025715703	0.039220713
20181120	-0.043066664	-0.027881483	-0.017158198
20181121	0.024052963	0.011098893	0.009734259
20181122	-0.014733232	-0.002209946	-0.015015297
20181123	-0.040706046	-0.029182767	-0.016781477
20181126	0.016291688	0.002275314	0.003838776
20181127	0.010401985	0.001514005	-0.020124518
20181128	0.058464136	0.00452831	0.043601553
20181129	-0.033381539	-0.011359456	-0.034262963
20181130	0.010949014	0.011359456	0.014610025
20181203	0.019767041	0.028944507	0
20181204	0.017637141	0.016685189	-0.032586281
20181205	-0.01231326	-0.018882188	0.003935464
20181206	0.000884564	-0.038868869	-0.003935464
20181207	-0.008881053	0.003803732	0
20181210	-0.042831148	-0.041075127	-0.019108862
20181211	0.013869848	0.00315956	0.028528084
20181212	0.014585491	0.0078555	0.007006646
20181213	0.024140645	0.013214339	0.033565317
20181214	-0.033231617	-0.034567464	-0.025067777
20181217	-0.016574965	-0.036634133	0
20181218	-0.003720935	-0.005821222	-0.036823589
20181219	-0.045765851	-0.010901575	-0.005602256
20181220	-0.003910073	0.008396355	-0.007249327
20181221	-0.013806925	0.014113974	-0.034542908
20181224	0.023553591	0.005754229	0.001672241
20181225	0.005802724	0.020284671	-0.003347283
20181226	-0.008716762	0.004008021	-0.010109606
20181227	-0.00487568	0.001598721	-0.00509339
20181228	-0.023739987	0.000798403	0.003398474
20190102	-0.033590944	-0.023416492	-0.006808537
20190103	-0.033687396	0.012180419	0.016095223
20190104	0.048076133	-0.016273752	0.02735355
20190107	0.018200705	0.014658243	-0.005740073
20190108	0.025718529	-0.020417206	-0.014078907
20190109	0.006812678	-0.004962789	0.012432817
20190110	0.039929259	-0.006655599	-0.011599136
20190111	-0.016917697	0.023918666	-0.000833681
20190114	-0.014320054	-0.024753739	-0.018519048
20190115	0.019991146	0.00250313	-0.007675944
20190116	0.004701466	0.000832986	0.015293416
20190117	-0.013220211	-0.017640105	-0.007617472
20190118	0.043707561	0.015973438	0.025169114
20190121	0.026045478	-0.005016733	-0.002488595
20190122	-0.027866972	-0.005884843	0.00083022
20190123	-0.009157573	-0.003378382	-0.011686277
20190124	0.051109285	0.004221197	0.002515725
20190125	0.037740328	0.009224384	0.029705154
20190128	0.09469781	0.04088877	-0.004889985
20190129	-0.021672675	0.002400962	0.028193571
20190130	0.01244184	-0.012872261	0.008699145
20190131	-0.006979478	-0.02045061	0.014073727
20190201	0.061128043	0.015580471	-0.000776699
20190211	0.013091096	0.024116924	-0.000777303
20190212	-0.017493157	0.01341243	0.000777303
20190213	0.001469508	0.007028533	0.031360122
20190214	-0.009590631	0.0038835	0.007501911
20190215	-0.011931536	-0.023530497	-0.05452406
20190218	0.049040195	0.030483017	0.021858794
20190219	-0.043802623	-0.004629638	-0.012432173
20190220	0.024328513	0.009237941	0.026997397
20190221	-0.022837088	-0.005378422	-0.021539294
20190222	-0.000745434	0.007674635	0.002330098
20190225	0.095242385	0.07224954	0.055087484
20190226	-0.039410562	-0.027398974	-0.029052323
20190227	-0.032977899	-0.018443902	0.005277057
20190228	0.007262196	0.000744325	-0.006789917
20190301	0.019348508	0.006674107	0.010542266
20190304	0.032125668	0.000738825	0.040372455
20190305	0.054175734	0.001476015	0.018532248
20190306	0.002600782	0.009541357	-0.0120783
20190307	-0.031664915	-0.013235487	-0.033433346
20190308	-0.041744001	-0.053204036	-0.036887886
20190311	0.074706775	0.005449605	-0.000767165
20190312	0.011605546	0.010810916	0
20190313	-0.024003747	0.009174376	0.016743161
20190314	-0.039509658	0.016604155	0
20190315	0.041477517	-0.008267616	0.039220713
20190318	-0.017851714	0.030474302	0.044009941
20190319	-0.020897289	0.007293978	-0.011173301
20190320	0.089222826	-0.022786726	0.009087794
20190321	0	0.014027546	-0.01613504
20190322	0	0.023905521	-0.014245255
20190325	0	-0.033482021	-0.035040081
20190326	0	-0.027008393	-0.00970519
20190327	0	0.083138233	0.026648505
20190328	0	-0.010552331	-0.022904585
20190329	-0.098117856	0.043590436	0.062293851
20190401	0.003430535	0.06042547	0.029749686
20190402	-0.035556203	0.000637146	-0.015802459
20190403	-0.009269229	0.030115199	0.011704092
20190404	-0.018070604	0.04353771	-0.004115232
20190408	-0.016176823	-0.080683939	-0.006204777
20190409	0.022719922	-0.00902068	0.031316378
20190410	-0.00873368	0.015414563	-0.018262259
20190411	-0.05021662	-0.019955603	-0.031198371
20190412	-0.011596574	-0.033049935	-0.021353124
20190415	-0.005458103	-0.032095619	-0.00432589
20190416	0.013204075	0.006915657	0.045205437
20190417	0.025896344	0.003439976	-0.020230896
20190418	-0.020509644	-0.013135343	-0.013480162
20190419	-0.010802574	-0.004883163	0.014184635
20190422	-0.018794602	-0.016925651	-0.057987258
20190423	-0.024001152	-0.030327234	0
20190424	0.013671303	0.012386315	-0.002989539
20190425	-0.032470385	-0.039887119	-0.004501133
20190426	-0.044714323	-0.00301887	-0.004521485
20190429	-0.007795622	0.005277057	0.016479774
20190430	0.005203828	0.008236662	0.002226346
20190506	-0.04965559	-0.095384754	-0.050162492
20190507	-0.006383971	0.026711422	0.00853711
20190508	-0.014746811	0.003189795	-0.007757991
20190509	-0.012144007	-0.017671143	-0.026036974
20190510	0.035998349	0.008874604	0.036110674
20190513	-0.027575277	-0.00402415	-0.012412882
20190514	0.004649009	-0.029462033	0.002339182
20190515	0.040896203	0.013201512	0.00853049
20190516	-0.000890869	0.017066647	0.002313923
20190517	-0.046520016	-0.033595949	-0.028126854
20190520	-0.027450848	-0.022756987	-0.003969835
20190521	0.024645797	0.011864546	0.010288971
20190522	-0.011299555	0.014220231	0.003144657
20190523	-0.021053409	-0.006666691	-0.013433628
20190524	0.021053409	0.013289232	0
20190527	0.057947244	0.029270382	0.008712926
20190528	-0.000894055	0.001601281	-0.023943682
20190529	0	-0.003205131	-0.012190318
20190530	-0.000894855	-0.014551591	-0.004918043
20190531	0.023009865	0.015353837	-0.00082203
20190603	-0.002628122	0.003202565	0.001643386
20190604	-0.023071121	-0.016116384	-0.002466092
20190605	-0.004498433	-0.017206488	0.033187991
20190606	-0.022800805	-0.010801933	-0.001593626
20190610	0.000922084	-0.009232126	0.01974008
20190611	0.034423689	0.031537884	0.010886577
20190612	-0.010743165	-0.008203491	-0.006984895
20190613	0.000899685	0.001646091	-0.008603886
20190614	-0.008126456	-0.017420598	0.011714308
20190617	0.005424968	0.004175371	-0.003110422
20190618	0.000901307	0.026317308	-0.003120127
20190619	0.01164366	0.016901811	0.003120127
20190620	0.022017622	0.025218042	0.027651531
20190621	0.033407818	0.011605546	-0.014498537
20190624	0.029059745	-0.003081667	0.003835831
20190625	0.015428645	0.013031997	-0.013878403
20190626	-0.004037147	-0.007645297	-0.008577051
20190627	-0.002430135	0.015232587	0.003907781
20190628	0.008077588	-0.009874748	-0.004691174
20190701	0.010404256	0.012893618	0.020171359
20190702	-0.016861098	-0.005289019	0.013730193
20190703	-0.000810045	-0.005317141	0.012048339
20190704	-0.01059073	-0.002287458	0.020741484
20190705	0.007343974	0.01815481	-0.007358385
20190708	-0.024692613	-0.038980862	-0.007412932
20190709	0.011599136	0.014700458	0.00297177
20190710	0.0458833	-0.015480185	-0.001484781
20190711	-0.008692271	0.000779727	0.000742666
20190712	0.028170877	0.012393652	0.005921557
20190715	-0.010861239	0.03628516	-0.014870162
20190716	-0.023679086	-0.001485884	0.012653686
20190717	0.008747571	-0.005965715	0.002954212
20190718	-0.037101029	-0.014312862	-0.000737735
20190719	0.03630895	0.023248141	0.059451805
20190722	-0.026496934	-0.015689526	0.008310297
20190723	0.008103772	-0.001507159	-0.013889112
20190724	0.004027392	0.006015056	0.000699056
20190725	0.024614184	-0.011308074	0.00348797
20190726	-0.025418366	-0.003797954	0.008321823
20190729	-0.026907453	-0.002285715	-0.000690846
20190730	0.003300333	-0.007657005	0.010312914
20190731	-0.014938037	-0.009266476	-0.028444512
20190801	-0.01516457	-0.025138794	-0.027105796
20190802	-0.008525201	-0.0233411	-0.000723327
20190805	-0.01119254	-0.027240644	-0.031608659
20190806	0.00690253	0.004175371	0.010401282
20190807	0.010265274	-0.014267972	0.01394518
20190808	-0.006831794	0.014267972	0.00291121
20190809	-0.01990546	0.027128667	-0.018335681
20190812	0.019048195	0.008077588	0.029896503
20190813	-0.008613318	-0.007266887	-0.017391743
20190814	-0.008688152	0.007266887	-0.003661666
20190815	-0.004372547	-0.006456842	0.023206263
20190816	-0.000876808	-0.004056801	-0.007194276
20190819	0.052958574	0.026475674	0.030574724
20190820	-0.011715615	-0.018378464	0.011834458
20190821	0.023295563	0.017586385	0.006209058
20190822	0.012260064	-0.020817405	-0.012456908
20190823	0.006477755	-0.007308193	0.007630977
20190826	-0.007290433	-0.009828089	-0.002075407
20190827	0.061485084	0.012270093	-0.004859433
20190828	-0.005366054	-0.010625355	-0.008385793
20190829	0.006130287	0.004100047	-0.038631413
20190830	-0.010752792	0.008150004	-0.019146388
20190902	0.036395222	0.023266192	0.002227999
20190903	0.009633272	-0.010362787	-0.01344307
20190904	0.016093983	-0.000801603	0.041964199
20190905	-0.013148473	0.029239539	-0.011602741
20190906	-0.002208319	0.026135231	0.004366819
20190909	0.019701476	0.018045602	0.021552558
20190910	-0.001446132	-0.005229747	-0.005702082
20190911	-0.017518696	-0.015094626	-0.00286328
20190912	0.0102565	0.006820792	0.048278
20190916	-0.016905952	-0.024466052	-0.011679968
20190917	-0.03010009	-0.019539504	0.000690846
20190918	-0.000764234	0.013328304	0.025231478
20190919	0.00609758	0.003886519	-0.002697237
20190920	0.008323922	0.030560056	-0.015651902
20190923	-0.02672935	0.005253295	-0.00688234
20190924	0.014598799	0.052490183	-0.006234866
20190925	-0.00842594	0.015504187	-0.002783579
20190926	-0.034432196	-0.018349139	0.007636275
20190927	0.007930256	-0.012182164	-0.015331311
20190930	-0.011120051	-0.014524584	0.004204631
20191008	0.046047932	0.010189317	0.055097239
20191009	0.003046461	-0.027901957	0.03639128
20191010	0.017339296	0.032237224	-0.001277139
20191011	-0.011274077	-0.01525638	0.003826535
20191014	0.001510574	0.010196738	-0.007026538
20191015	-0.036898882	-0.013129291	0
20191016	-0.007072721	0.016023649	0.012739026
20191017	0.004720701	0.036186992	-0.007623925
20191018	-0.03840472	-0.020416056	-0.023226851
20191021	-0.008190054	0.005673774	0.029584151
20191022	0.017930391	-0.006385265	-0.005719749
20191023	-0.007296344	-0.031817579	-0.023864402
20191024	-0.023879274	-0.004418269	0.0039088
20191025	0.034401427	0.003683245	0.009705673
20191028	0.054067221	0.00732604	-0.041412424
20191029	-0.006120907	0.015930822	-0.014194223
20191030	-0.039927025	0.016387969	-0.006830628
20191031	0.003985657	-0.007804225	-0.012413953
20191101	0.003969835	0.035680595	0.02805521
20191104	-0.010354533	0.043704434	-0.002026343
20191105	0.043093232	0.002628122	0.012096922
20191106	-0.013899838	0.00327547	-0.020243606
20191107	-0.009375069	0.014285957	0.005438491
20191108	0.010152371	-0.020189549	-0.008852628
20191111	-0.027571656	-0.017253248	-0.034798222
20191112	-0.00721446	-0.018237588	0.002828856
20191113	0.010404256	-0.00546823	0.001411433
20191114	-0.006389798	0.003421146	-0.002824861
20191115	-0.023511419	-0.020704673	-0.006385265
20191118	0.017886656	0.024794659	0.006385265
20191119	0.00482316	0.014855101	0.025140989
20191120	-0.03841911	-0.025799123	-0.009702086
20191121	0.005816385	-0.019445057	-0.004886572
20191122	0.002482417	-0.002808991	0.005582708
20191125	0.000826105	0.004910568	0.032857165
20191126	-0.006628028	-0.009845368	-0.005401769
20191127	-0.013389321	-0.009943264	-0.0074754
20191128	-0.025598667	-0.008602204	-0.01789449
20191129	0.001727116	0.00645858	0.002081166
20191202	-0.004323396	0	0.0360706
20191203	-0.00521287	-0.026088436	0
20191204	-0.002616661	-0.017031141	-0.005361943
20191205	0.009561133	0.000746547	0.001343184
20191206	0.004315932	-0.003738322	0.005354765
20191209	0.022989518	-0.001499251	0.036701367
20191210	-0.012706651	-0.010558167	-0.00451468
20191211	-0.009421911	0.011308074	0.007085376
20191212	0.002578429	-0.022745484	-0.014872566
20191213	0.022072203	0.01143741	0.022545238
20191216	0.002515725	0.012057418	-0.000637146
20191217	0.016611678	0.026609109	0.01893996
20191218	-0.016611678	0.018070604	-0.008163311
20191219	-0.003355708	0.018453327	0
20191220	-0.000840689	-0.021322769	0.008788506
20191223	-0.016963935	0.012848142	-0.022756987
20191224	-0.006006024	0.000708968	-0.014815086
20191225	-0.017361547	0.007062176	-0.007163821
20191226	0.002623526	0.013282264	0.039095014
20191227	0.006962604	0.028074422	-0.002517308
20191230	0.012069112	0.0325502	0.024892387
20191231	0.023709832	-0.019802627	-0.00554701
20200102	0.039381627	0.011269592	0.004932192
20200103	0.010404256	-0.025368517	-0.019249275
20200106	0.02282665	-0.012929748	-0.017072814
20200107	-0.00389864	0.027028672	0.006990813
20200108	-0.008630889	-0.024975986	-0.017247314
20200109	0.008630889	0.056474653	0.047807846
20200110	-0.019724505	-0.005181359	-0.016099419
20200113	0.005562192	-0.003252035	0.028309583
20200114	-0.007157088	-0.013114942	-0.007919627
20200115	-0.007208682	0.00197824	-0.013547005
20200116	0.007208682	-0.009265453	-0.006218926
20200117	-0.008012863	-0.006002019	0.00559877
20200120	0.00881063	-0.042356058	-0.008722797
20200121	-0.036544871	-0.032627008	-0.033728937
20200122	0.000826788	0.006467863	0.026821531
20200123	-0.027651531	-0.055979268	-0.034618842
20200203	-0.105643762	-0.105360516	-0.092183956
20200204	-0.0037843	-0.004217636	0.023330857
20200205	0.039949576	0.055889646	0.011809793
20200206	0.009066245	-0.020186394	0.004822607
20200207	-0.016378892	-0.014790738	-0.010362787
20200210	0.013667639	-0.006644543	0.02942395
20200211	-0.003626477	0.02550529	0.009396042
20200212	0.013532006	-0.008975988	-0.00401607
20200213	-0.009905529	-0.010712917	0.031685819
20200214	-0.004535155	0.010712917	0.032601161
20200217	0.030441026	0.023492372	-0.010113866
20200218	-0.001765226	-0.011272261	-0.015365219
20200219	0.006164705	0.037350388	-0.001291156
20200220	0.020852189	0.039010683	0.010282867
20200221	-0.013853035	-0.027378136	-0.020020042
20200224	-0.014047641	-0.047364812	-0.01577942
20200225	-0.025975486	-0.028702257	0.011202753
20200226	-0.003636368	-0.015933251	0.046728501
20200227	0.000910332	-0.0101955	-0.010056653
20200228	-0.043707561	-0.059824344	0.022486894
20200302	0.040061249	0.02947958	0.03041597
20200303	-0.011943183	0.008764298	-0.004804814
20200304	-0.001850139	0.030930301	0.011969024
20200305	0.03993271	0.024238546	0.013589574
20200306	-0.025226563	-0.027628379	-0.032809385
20200309	-0.042877024	0.0143281	-0.019596463
20200310	0.012304935	-0.004192878	0.013513719
20200311	-0.011353007	0.017493157	-0.008578484
20200312	-0.0279806	-0.03615358	0.008578484
20200313	-0.028786107	-0.034846731	-0.017231196
20200316	-0.040066993	-0.049056157	-0.052241177
20200317	-0.037377549	-0.019746763	-0.013166747
20200318	0.004343112	-0.042683492	-0.045416141
20200319	-0.005431844	-0.029162449	-0.029558802
20200320	0.028987537	0.042942194	0.034401427
20200323	-0.034449047	-0.059403471	-0.028703406
20200324	0.011976191	0.025603037	0.030771659
20200325	0.072018592	0.039648404	0.043792784
20200326	-0.024466052	-0.00878483	-0.003301423
20200327	0.00411947	-0.014815086	0.008561132
20200330	-0.020769179	-0.011005614	-0.003284075
20200331	-0.003152919	0.006018072	-0.021949667
20200401	-0.001053186	-0.017146159	0.006702438
20200402	0.004206105	0.01414165	0.007984074
20200403	0.002096437	-0.012109129	-0.003984069
20200407	0.035993603	0.012109129	0.008612176
20200408	0.020000667	0.023787048	0.000659413
20200409	-0.007952328	-0.005893927	-0.015277614
20200410	-0.016096927	-0.022920784	-0.01687519
20200413	0.004048589	-0.074263071	0.025539022
20200414	0.021978907	0.010799241	0.03392367
20200415	-0.01493308	0.028588501	-0.018776855
20200416	0.005002512	-0.027514963	0.029622256
20200417	-0.005002512	0.050219757	0.003799878
20200420	-0.002008033	-0.022704794	0.003785493
20200421	-0.020305266	-0.015781495	0.003143668
20200422	0.018293193	0.025132213	0.001254705
20200423	-0.00201613	-0.011440582	-0.003768849
20200424	-0.016277063	-0.024352712	-0.003151594
20200427	0.008171649	-0.012945165	0.004409456
20200428	-0.010225038	-0.003262646	0.014972207
20200429	-0.014493007	0.011911348	0.022046208
20200430	0.039862201	0.060561301	-0.016488923
20200506	0.035436779	-0.035055136	-0.0230468
20200507	-0.004847319	-0.015864955	-0.009496748
20200508	0.004847319	0.014815086	0.010756194
20200511	-0.003875974	0.003146306	-0.008849615
20200512	-0.00779731	-0.012645058	-0.000635122
20200513	0.005853675	-0.002123143	-0.003181676
20200514	-0.023623146	-0.021483103	-0.021908093
20200515	-0.020121403	-0.006535971	-0.005880448
20200518	0.016129382	-0.005479466	0.013021017
20200519	0.009950331	0.019587133	-0.007140569
20200520	-0.014962873	-0.011924261	-0.005225355
20200521	-0.010101096	-0.004371592	-0.014512128
20200522	-0.019477807	-0.019912162	-0.020134908
20200525	0.003100778	-0.012366656	0.03333642
20200526	0.005146692	0.012366656	0.003926707
20200527	-0.023897241	0.013318732	0.005211738
20200528	-0.010570923	-0.006637193	0.006476707
20200529	0.007411363	0.013230623	-0.075748091
20200601	0.018809332	0.025947402	0.030180617
20200602	0.00619197	0.002132197	0.027325926
20200603	-0.011381395	0.015848192	0.002626397
20200604	-0.001041125	-0.004201687	-0.01054723
20200605	0.014478019	0.033129324	-0.015359233
20200608	0.040246881	0.012145898	0.003359089
20200609	-0.008915364	-0.009095565	0.002679171
20200610	0.0039722	-0.006109999	-0.021637085
20200611	0.000990589	-0.031122844	-0.019324273
20200612	0.026381598	-0.012725516	0.003478264
20200615	0	-0.028140385	-0.004175371
20200616	-0.006773127	0.013086337	0.013162642
20200617	-0.011718884	0	-0.011768914
20200618	0	-0.003255564	0.017259662
20200619	-0.005911347	0.009735069	-0.003428183
20200622	-0.000988631	-0.008648703	-0.008275909
20200623	-0.01194044	-0.005443672	-0.00904354
20200624	-0.001001502	0	0.029606293
20200629	0	-0.015401845	-0.014349409
20200630	-0.001002506	0.008830079	0.017059438
20200701	0.004004009	0.007662873	0.073044194
20200702	0.019783039	0.029018694	0.029131282
20200703	0.009746666	0.005282632	-0.001222494
20200706	0.051972016	0.043305736	0.095588151
20200707	0.002758622	-0.015251948	-0.018513853
20200708	0.010050336	0.026290695	0.007334307
20200709	0.040967438	0.017804625	0.018931523
20200710	-0.030117422	-0.014815086	-0.038801606
20200713	0.030117422	0.010885808	-0.007482049
20200714	-0.017606089	-0.01287784	-0.022197173
20200715	-0.047281534	0.015826245	-0.028761719
20200716	-0.035058067	-0.039024462	-0.019024814
20200717	0.005769247	-0.018538121	-0.004346483
20200720	0.055932564	0.026668247	0.048582717
20200721	-0.008193036	-0.002026343	-0.015531973
20200722	0.010004631	0.017094433	-0.004223234
20200723	0.032059736	-0.031394984	-0.017688781
20200724	-0.042978862	-0.049562067	-0.023662374
20200727	-0.02971435	-0.009777373	-0.02230102
20200728	-0.004723674	0	0.011531198
20200729	0.019691213	0.016242913	0.006349228
20200730	0.095563376	-0.00646554	-0.017880425
20200731	0.09262149	0.00646554	0.0051414
20200803	0.00842594	0.017039816	0.017789542
20200804	-0.025493849	0.010504298	0.021800926
20200805	0.000782167	-0.007341407	-0.027484553
20200806	-0.035007553	0.02289382	0.006942281
20200807	-0.006498804	-0.002059733	-0.008209708
20200810	-0.007361996	0.013313049	0.03121352
20200811	-0.015722293	-0.001017812	-0.001230012
20200812	-0.021923306	0.047722773	0.018293193
20200813	0.007643349	0.027766264	-0.001814334
20200814	-0.009349834	-0.008534902	0.029817355
20200817	0.027791262	0.012304935	0.022655631
20200818	-0.010856057	-0.021874386	-0.026187123
20200819	-0.028962842	0.046956983	-0.014252023
20200820	-0.012174063	-0.011070224	-0.004195391
20200821	-0.008787403	0.020202707	-0.005420067
20200824	0.007912129	-0.011888572	-0.004842624
20200825	-0.007912129	0.01913498	0.003634165
20200826	-0.026835242	-0.030235927	0.006027746
20200827	0.004522848	-0.019728211	-0.026798193
20200828	0.039810653	0.036333759	0.016529302
20200831	-0.054356364	0	-0.022721272
20200901	-0.03447011	0.004564134	0.006809064
20200902	-0.009523882	0.000910332	0.003694585
20200903	-0.018349139	0.040130218	0.007958414
20200904	-0.000975134	0.094992265	0.004259209
20200907	-0.009804	-0.022508989	0.008464379
20200908	0.019512814	-0.020534602	0
20200909	-0.020498522	-0.028621482	-0.012723589
20200910	-0.025975486	-0.018096142	0.022310241
20200911	0.051293294	0.013817146	-0.011394426
20200914	0.009569451	-0.009478744	-0.001811048
20200915	-0.005730675	0.055569851	0.006624535
20200916	-0.010592299	0.003270649	0.010746372
20200917	-0.004852023	-0.015631746	-0.011947573
20200918	0.005819609	0	0.041783071
20200921	-0.008742163	-0.017566324	-0.01626997
20200922	-0.024692613	-0.082648068	-0.013565528
20200923	0.009950331	-0.008283526	-0.009546612
20200924	-0.018991076	-0.013960208	-0.018760006
20200925	0	0.013035566	-0.029760411
20200928	0.004028203	0.010124339	0.016230069
20200929	0.004012041	-0.011049836	-0.00496587
20200930	0.023739987	-0.000926355	-0.011264199
20201009	0.037414436	-0.000927214	0.010641728
20201012	0.012166739	0.002779066	0.022777224
20201013	0.014774045	-0.016791439	-0.013480596
20201014	0.09522685	-0.030565894	-0.005567599
20201015	0.037616864	-0.000970403	0
20201016	-0.068935547	0.002908388	0.005567599
20201019	-0.031443638	0.011549695	0.004923087
20201020	0.007073416	0.003820444	-0.008631373
20201021	-0.042291502	0.024483332	0.003708286
20201022	-0.00091954	0.056951674	0.005536772
20201023	0.028119767	-0.027618682	0.006116227
20201026	0.025608463	-0.035865913	0.002436055
20201027	-0.030090766	-0.009407407	-0.02400854
20201028	-0.022717924	0.059623342	-0.020775063
20201029	0.095477278	-0.02982598	0.002541297
20201030	-0.033124047	-0.018519048	-0.025708357
20201102	0.011163705	0.004662013	0.008427927
20201103	0.006808537	0.013857035	0.005151331
20201104	0.005076153	-0.006442728	-0.001928641
20201105	0.010910725	0.025525543	0.024158835
20201106	-0.033095935	0.005386009	0.014962873
20201109	0.045539066	0.037773485	0.001854715
20201110	0.0122902	0.024692613	-0.004333031
20201111	-0.017248888	-0.052666465	0.017220598
20201112	-0.024319857	0.017575145	-0.007958414
20201113	-0.003401364	0.009536266	-0.030579606
20201116	0.001702128	0.040580378	0.013220211
20201117	-0.031968165	-0.001658375	0.035026622
20201118	0.057158414	0.002486533	0.010213366
20201119	0.010721752	-0.002486533	0.015421421
20201120	0.005725987	-0.004991691	-0.001767305
20201123	0.032895064	-0.022776185	0
20201124	0.008644455	0.011031083	-0.010669929
20201125	-0.01101506	-0.018739901	0.002975307
20201126	0.01569891	0.006855211	0.003558723
20201127	-0.021252276	0.003410063	0.029748475
20201130	-0.004784698	-0.013710583	-0.010398707
20201201	0.032248174	0.037260873	0.001740644
20201202	-0.020329082	-0.01086513	0.006932437
20201203	-0.024791354	0.010033529	-0.005773688
20201204	0.004846536	-0.00416841	-0.018113262
20201207	-0.000806127	-0.021960342	-0.025075941
20201208	0.008831852	-0.004278997	-0.004848494
20201209	-0.060974403	-0.000858001	-0.010381773
20201210	0.018519048	-0.031388802	-0.004923087
20201211	-0.024484127	-0.010685765	-0.014290395
20201214	0.042666446	-0.008089932	0.014290395
20201215	0.029852963	-0.007246409	-0.011790394
20201216	0.007917698	0.039220713	0.00498133
20201217	0.010200167	0.027587957	0.003719781
20201218	0.022386114	0.030153038	-0.006830204
20201221	0.045513263	-0.014962873	-0.008761007
20201222	-0.064781682	-0.044527904	0.001883831
20201223	0.077105144	-0.032935776	-0.018360756
20201224	0.024200469	0.018826195	-0.003200003
20201225	0.007705817	-0.005342844	0.007662873
20201228	-0.009113277	0.001784122	-0.003824096
20201229	-0.024956732	0	0.006365394
20201230	0.012912661	0.000890869	-0.01020417
20201231	0.015559013	0.012389539	0.014004048